,Team1,match_id,is_batting_team,Team2,innings_over,innings_score,innings_wickets,score_target,total_runs,player_dismissed,predictions,run_rate,wickets_in_over,required_run_rate,predicted_team1,predicted_team2
0,RR,1359526,1,SRH,1_1,9,0,-1,9,0,0.48126397,9.0,0,-1.0,0.48126397,0.518736
1,RR,1359526,1,SRH,1_2,26,0,-1,17,0,0.6893866,13.0,0,-1.0,0.6893866,0.3106134
2,RR,1359526,1,SRH,1_3,34,0,-1,8,0,0.5095831,11.333333333333334,0,-1.0,0.5095831,0.49041688
3,RR,1359526,1,SRH,1_4,45,0,-1,11,0,0.6113922,11.25,0,-1.0,0.6113922,0.3886078
4,RR,1359526,1,SRH,1_5,54,1,-1,9,1,0.608077,10.8,1,-1.0,0.608077,0.391923
5,RR,1359526,1,SRH,1_6,61,1,-1,7,0,0.49028203,10.166666666666666,0,-1.0,0.49028203,0.50971794
6,RR,1359526,1,SRH,1_7,70,1,-1,9,0,0.53547096,10.0,0,-1.0,0.53547096,0.46452904
7,RR,1359526,1,SRH,1_8,74,1,-1,4,0,0.5123593,9.25,0,-1.0,0.5123593,0.48764068
8,RR,1359526,1,SRH,1_9,95,1,-1,21,0,0.7441099,10.555555555555555,0,-1.0,0.7441099,0.25589007
9,RR,1359526,1,SRH,1_10,107,1,-1,12,0,0.7635434,10.7,0,-1.0,0.7635434,0.23645657
10,RR,1359526,1,SRH,1_11,115,1,-1,8,0,0.69839895,10.454545454545457,0,-1.0,0.69839895,0.30160105
11,RR,1359526,1,SRH,1_12,125,1,-1,10,0,0.7580424,10.416666666666666,0,-1.0,0.7580424,0.2419576
12,RR,1359526,1,SRH,1_13,135,1,-1,10,0,0.7627451,10.384615384615383,0,-1.0,0.7627451,0.23725492
13,RR,1359526,1,SRH,1_14,142,1,-1,7,0,0.7125166,10.142857142857142,0,-1.0,0.7125166,0.2874834
14,RR,1359526,1,SRH,1_15,154,1,-1,12,0,0.8047887,10.266666666666667,0,-1.0,0.8047887,0.19521129
15,RR,1359526,1,SRH,1_16,168,1,-1,14,0,0.8197336,10.5,0,-1.0,0.8197336,0.18026638
16,RR,1359526,1,SRH,1_17,185,1,-1,17,0,0.920331,10.882352941176473,0,-1.0,0.920331,0.079669
17,RR,1359526,0,SRH,1_18,190,1,215,5,0,0.96437186,10.555555555555555,0,12.5,0.96437186,0.03562814
18,RR,1359526,0,SRH,1_19,197,2,215,7,1,0.97586095,10.36842105263158,1,18.0,0.97586095,0.024139047
19,RR,1359526,0,SRH,1_20,214,2,215,17,0,0.9320232,10.7,0,99.0,0.9320232,0.06797677
20,RR,1359526,0,SRH,2_1,4,0,215,4,0,0.9732068,4.0,0,11.105263157894736,0.9732068,0.026793182
21,RR,1359526,0,SRH,2_2,12,0,215,8,0,0.9775704,6.0,0,11.27777777777778,0.9775704,0.022429585
22,RR,1359526,0,SRH,2_3,22,0,215,10,0,0.97992676,7.333333333333333,0,11.352941176470589,0.97992676,0.020073235
23,RR,1359526,0,SRH,2_4,30,0,215,8,0,0.9839691,7.5,0,11.5625,0.9839691,0.016030908
24,RR,1359526,0,SRH,2_5,45,0,215,15,0,0.9813675,9.0,0,11.333333333333334,0.9813675,0.018632472
25,RR,1359526,0,SRH,2_6,52,1,215,7,1,0.98451996,8.666666666666666,1,11.642857142857142,0.98451996,0.0154800415
26,RR,1359526,0,SRH,2_7,58,1,215,6,0,0.98976725,8.285714285714286,0,12.076923076923077,0.98976725,0.010232747
27,RR,1359526,0,SRH,2_8,65,1,215,7,0,0.98645324,8.125,0,12.5,0.98645324,0.013546765
28,RR,1359526,0,SRH,2_9,73,1,215,8,0,0.9852852,8.11111111111111,0,12.909090909090908,0.9852852,0.0147147775
29,RR,1359526,0,SRH,2_10,87,1,215,14,0,0.9843842,8.7,0,12.8,0.9843842,0.015615821
30,RR,1359526,0,SRH,2_11,98,1,215,11,0,0.98357207,8.909090909090908,0,13.0,0.98357207,0.016427934
31,RR,1359526,0,SRH,2_12,107,1,215,9,0,0.9833777,8.916666666666666,0,13.5,0.9833777,0.016622305
32,RR,1359526,0,SRH,2_13,117,2,215,10,1,0.9868035,9.0,1,14.0,0.9868035,0.013196528
33,RR,1359526,0,SRH,2_14,136,2,215,19,0,0.98037994,9.714285714285714,0,13.166666666666666,0.98037994,0.01962006
34,RR,1359526,0,SRH,2_15,146,2,215,10,0,0.9786339,9.733333333333333,0,13.8,0.9786339,0.02136612
35,RR,1359526,0,SRH,2_16,158,3,215,12,1,0.9796194,9.875,1,14.25,0.9796194,0.020380616
36,RR,1359526,0,SRH,2_17,171,3,215,13,0,0.97411895,10.058823529411764,0,14.666666666666666,0.97411895,0.025881052
37,RR,1359526,0,SRH,2_18,174,5,215,3,2,0.98664784,9.666666666666666,2,20.5,0.98664784,0.013352156
