inning,over,total_runs,player_dismissed,innings_wickets,innings_score,score_target,remaining_target,run_rate,required_run_rate,runrate_diff,is_batting_team,is_toss_winner,team1,team2
1,1,6,0,0,6,-1,-1,6.0,-1.0,-1.0,1,0,KKR,RR
1,2,4,0,0,10,-1,-1,5.0,-1.0,-1.0,1,0,KKR,RR
1,3,4,1,1,14,-1,-1,4.666666666666667,-1.0,-1.0,1,0,KKR,RR
1,4,15,0,1,29,-1,-1,7.25,-1.0,-1.0,1,0,KKR,RR
1,5,6,1,2,35,-1,-1,7.0,-1.0,-1.0,1,0,KKR,RR
1,6,2,0,2,37,-1,-1,6.166666666666667,-1.0,-1.0,1,0,KKR,RR
1,7,7,0,2,44,-1,-1,6.285714285714286,-1.0,-1.0,1,0,KKR,RR
1,8,6,0,2,50,-1,-1,6.25,-1.0,-1.0,1,0,KKR,RR
1,9,8,0,2,58,-1,-1,6.444444444444445,-1.0,-1.0,1,0,KKR,RR
1,10,18,0,2,76,-1,-1,7.6,-1.0,-1.0,1,0,KKR,RR
1,11,3,1,3,79,-1,-1,7.181818181818182,-1.0,-1.0,1,0,KKR,RR
1,12,6,0,3,85,-1,-1,7.083333333333333,-1.0,-1.0,1,0,KKR,RR
1,13,15,0,3,100,-1,-1,7.6923076923076925,-1.0,-1.0,1,0,KKR,RR
1,14,10,1,4,110,-1,-1,7.857142857142857,-1.0,-1.0,1,0,KKR,RR
1,15,6,0,4,116,-1,-1,7.733333333333333,-1.0,-1.0,1,0,KKR,RR
1,16,11,0,4,127,-1,-1,7.9375,-1.0,-1.0,1,0,KKR,RR
1,17,4,2,6,131,-1,-1,7.705882352941177,-1.0,-1.0,1,0,KKR,RR
1,18,8,0,6,139,-1,-1,7.722222222222222,-1.0,-1.0,1,0,KKR,RR
1,19,3,1,7,142,-1,-1,7.473684210526316,-1.0,-1.0,1,0,KKR,RR
1,20,7,1,8,149,-1,-1,7.45,-1.0,-1.0,1,0,KKR,RR
2,1,26,0,0,26,150,124,26.0,6.526315789473684,19.473684210526315,0,0,KKR,RR
2,2,14,1,1,40,150,110,20.0,6.111111111111111,13.88888888888889,0,0,KKR,RR
2,3,14,0,1,54,150,96,18.0,5.647058823529412,12.352941176470589,0,0,KKR,RR
2,4,5,0,1,59,150,91,14.75,5.6875,9.0625,0,0,KKR,RR
2,5,9,0,1,68,150,82,13.6,5.466666666666667,8.133333333333333,0,0,KKR,RR
2,6,10,0,1,78,150,72,13.0,5.142857142857143,7.857142857142857,0,0,KKR,RR
2,7,10,0,1,88,150,62,12.571428571428571,4.769230769230769,7.802197802197802,0,0,KKR,RR
2,8,10,0,1,98,150,52,12.25,4.333333333333333,7.916666666666667,0,0,KKR,RR
2,9,3,0,1,101,150,49,11.22222222222222,4.454545454545454,6.767676767676767,0,0,KKR,RR
2,10,6,0,1,107,150,43,10.7,4.3,6.3999999999999995,0,0,KKR,RR
2,11,20,0,1,127,150,23,11.545454545454545,2.5555555555555554,8.98989898989899,0,0,KKR,RR
2,12,13,0,1,140,150,10,11.666666666666666,1.25,10.416666666666666,0,0,KKR,RR
2,13,7,0,1,147,150,3,11.307692307692308,0.42857142857142855,10.87912087912088,0,0,KKR,RR
