inning,over,total_runs,player_dismissed,innings_wickets,innings_score,score_target,remaining_target,run_rate,required_run_rate,runrate_diff,is_batting_team,is_toss_winner,team1,team2
1,6,8,0,2,65,-1,-1,10.833333333333334,-1.0,-1.0,1,0,SRH,KKR
1,7,10,0,2,75,-1,-1,10.714285714285714,-1.0,-1.0,1,0,SRH,KKR
1,8,5,0,2,80,-1,-1,10.0,-1.0,-1.0,1,0,SRH,KKR
1,9,5,0,2,85,-1,-1,9.444444444444445,-1.0,-1.0,1,0,SRH,KKR
1,10,9,0,2,94,-1,-1,9.4,-1.0,-1.0,1,0,SRH,KKR
1,11,6,0,2,100,-1,-1,9.090909090909092,-1.0,-1.0,1,0,SRH,KKR
1,12,16,0,2,116,-1,-1,9.666666666666666,-1.0,-1.0,1,0,SRH,KKR
1,13,14,1,3,130,-1,-1,10.0,-1.0,-1.0,1,0,SRH,KKR
1,14,4,0,3,134,-1,-1,9.571428571428571,-1.0,-1.0,1,0,SRH,KKR
1,15,23,0,3,157,-1,-1,10.466666666666669,-1.0,-1.0,1,0,SRH,KKR
1,16,15,0,3,172,-1,-1,10.75,-1.0,-1.0,1,0,SRH,KKR
1,17,14,0,3,186,-1,-1,10.941176470588236,-1.0,-1.0,1,0,SRH,KKR
1,18,14,0,3,200,-1,-1,11.11111111111111,-1.0,-1.0,1,0,SRH,KKR
1,19,15,1,4,215,-1,-1,11.31578947368421,-1.0,-1.0,1,0,SRH,KKR
1,20,13,0,4,228,-1,-1,11.4,-1.0,-1.0,1,0,SRH,KKR
2,1,1,1,1,1,229,228,1.0,12.0,-11.0,0,0,SRH,KKR
2,2,3,0,1,4,229,225,2.0,12.5,-10.5,0,0,SRH,KKR
2,3,12,0,1,16,229,213,5.333333333333333,12.529411764705882,-7.196078431372549,0,0,SRH,KKR
2,4,6,2,3,22,229,207,5.5,12.9375,-7.4375,0,0,SRH,KKR
2,5,12,0,3,34,229,195,6.8,13.0,-6.2,0,0,SRH,KKR
2,6,28,0,3,62,229,167,10.333333333333334,11.928571428571429,-1.595238095238095,0,0,SRH,KKR
2,7,12,0,3,74,229,155,10.571428571428571,11.923076923076923,-1.3516483516483522,0,0,SRH,KKR
2,8,8,0,3,82,229,147,10.25,12.25,-2.0,0,0,SRH,KKR
2,9,2,1,4,84,229,145,9.333333333333334,13.181818181818182,-3.8484848484848477,0,0,SRH,KKR
