,Team1,match_id,is_batting_team,Team2,innings_over,innings_score,innings_wickets,score_target,total_runs,player_dismissed,predictions,run_rate,wickets_in_over,required_run_rate,predicted_team1,predicted_team2
0,RR,1359516,1,MI,1_1,8,0,-1,8,0,0.41974667,8.0,0,-1.0,0.41974667,0.58025336
1,RR,1359516,1,MI,1_2,19,0,-1,11,0,0.47987568,9.5,0,-1.0,0.47987568,0.5201243
2,RR,1359516,1,MI,1_3,26,0,-1,7,0,0.506635,8.666666666666666,0,-1.0,0.506635,0.493365
3,RR,1359516,1,MI,1_4,42,0,-1,16,0,0.49302363,10.5,0,-1.0,0.49302363,0.50697637
4,RR,1359516,1,MI,1_5,58,0,-1,16,0,0.72587264,11.6,0,-1.0,0.72587264,0.27412736
5,RR,1359516,1,MI,1_6,65,0,-1,7,0,0.633279,10.833333333333334,0,-1.0,0.633279,0.36672097
6,RR,1359516,1,MI,1_7,72,0,-1,7,0,0.5794273,10.285714285714286,0,-1.0,0.5794273,0.4205727
7,RR,1359516,1,MI,1_8,80,1,-1,8,1,0.59574246,10.0,1,-1.0,0.59574246,0.40425754
8,RR,1359516,1,MI,1_9,88,1,-1,8,0,0.64551586,9.77777777777778,0,-1.0,0.64551586,0.35448414
9,RR,1359516,1,MI,1_10,97,2,-1,9,1,0.6757866,9.7,1,-1.0,0.6757866,0.3242134
10,RR,1359516,1,MI,1_11,103,3,-1,6,1,0.5965533,9.363636363636363,1,-1.0,0.5965533,0.40344667
11,RR,1359516,1,MI,1_12,113,3,-1,10,0,0.64153904,9.416666666666666,0,-1.0,0.64153904,0.35846096
12,RR,1359516,1,MI,1_13,126,3,-1,13,0,0.75450766,9.692307692307692,0,-1.0,0.75450766,0.24549234
13,RR,1359516,1,MI,1_14,142,3,-1,16,0,0.7449071,10.142857142857142,0,-1.0,0.7449071,0.25509292
14,RR,1359516,1,MI,1_15,143,4,-1,1,1,0.61734176,9.533333333333331,1,-1.0,0.61734176,0.38265824
15,RR,1359516,1,MI,1_16,153,4,-1,10,0,0.68032646,9.5625,0,-1.0,0.68032646,0.31967354
16,RR,1359516,1,MI,1_17,168,5,-1,15,1,0.69792265,9.882352941176473,1,-1.0,0.69792265,0.30207735
17,RR,1359516,1,MI,1_18,183,6,-1,15,1,0.722203,10.166666666666666,1,-1.0,0.722203,0.27779698
18,RR,1359516,0,MI,1_19,196,6,213,13,0,0.8485289,10.31578947368421,0,17.0,0.8485289,0.15147108
19,RR,1359516,0,MI,1_20,212,7,213,16,1,0.7220201,10.6,1,99.0,0.7220201,0.2779799
20,RR,1359516,0,MI,2_1,12,0,213,12,0,0.8313116,12.0,0,10.578947368421051,0.8313116,0.16868842
21,RR,1359516,0,MI,2_2,14,1,213,2,1,0.54901016,7.0,1,11.055555555555555,0.54901016,0.45098984
22,RR,1359516,0,MI,2_3,29,1,213,15,0,0.7509319,9.666666666666666,0,10.823529411764708,0.7509319,0.24906808
23,RR,1359516,0,MI,2_4,36,1,213,7,0,0.6482428,9.0,0,11.0625,0.6482428,0.35175723
24,RR,1359516,0,MI,2_5,47,1,213,11,0,0.76622146,9.4,0,11.066666666666666,0.76622146,0.23377854
25,RR,1359516,0,MI,2_6,58,1,213,11,0,0.72635746,9.666666666666666,0,11.071428571428571,0.72635746,0.27364254
26,RR,1359516,0,MI,2_7,62,1,213,4,0,0.45836467,8.857142857142858,0,11.615384615384617,0.45836467,0.54163533
27,RR,1359516,0,MI,2_8,75,1,213,13,0,0.77547467,9.375,0,11.5,0.77547467,0.22452533
28,RR,1359516,0,MI,2_9,84,2,213,9,1,0.832945,9.333333333333334,1,11.727272727272728,0.832945,0.16705501
29,RR,1359516,0,MI,2_10,98,2,213,14,0,0.8279293,9.8,0,11.5,0.8279293,0.17207068
30,RR,1359516,0,MI,2_11,101,3,213,3,1,0.79684883,9.181818181818182,1,12.444444444444445,0.79684883,0.20315117
31,RR,1359516,0,MI,2_12,104,3,213,3,0,0.46345812,8.666666666666666,0,13.625,0.46345812,0.5365419
32,RR,1359516,0,MI,2_13,124,3,213,20,0,0.6681779,9.538461538461538,0,12.714285714285714,0.6681779,0.3318221
33,RR,1359516,0,MI,2_14,141,3,213,17,0,0.6291903,10.071428571428571,0,12.0,0.6291903,0.37080967
