,Team1,match_id,is_batting_team,Team2,innings_over,innings_score,innings_wickets,score_target,total_runs,player_dismissed,predictions,run_rate,wickets_in_over,required_run_rate,predicted_team1,predicted_team2
0,CSK,1359529,1,DC,1_4,32,0,-1,7,0,0.51104546,8.0,0,-1.0,0.51104546,0.48895454
1,CSK,1359529,1,DC,1_5,41,1,-1,9,1,0.45987397,8.2,1,-1.0,0.45987397,0.540126
2,CSK,1359529,1,DC,1_6,49,1,-1,8,0,0.49485028,8.166666666666666,0,-1.0,0.49485028,0.5051497
3,CSK,1359529,1,DC,1_7,52,2,-1,3,1,0.4156887,7.428571428571429,1,-1.0,0.4156887,0.5843113
4,CSK,1359529,1,DC,1_8,57,2,-1,5,0,0.46138427,7.125,0,-1.0,0.46138427,0.5386157
5,CSK,1359529,1,DC,1_9,61,2,-1,4,0,0.45805126,6.777777777777778,0,-1.0,0.45805126,0.54194874
6,CSK,1359529,1,DC,1_10,66,3,-1,5,1,0.3702697,6.6,1,-1.0,0.3702697,0.62973034
7,CSK,1359529,1,DC,1_11,77,3,-1,11,0,0.43804878,7.0,0,-1.0,0.43804878,0.5619512
8,CSK,1359529,1,DC,1_12,82,4,-1,5,1,0.34270623,6.833333333333333,1,-1.0,0.34270623,0.6572938
9,CSK,1359529,1,DC,1_13,88,4,-1,6,0,0.37711033,6.769230769230769,0,-1.0,0.37711033,0.62288964
10,CSK,1359529,1,DC,1_14,111,4,-1,23,0,0.5149248,7.928571428571429,0,-1.0,0.5149248,0.48507518
11,CSK,1359529,1,DC,1_15,117,5,-1,6,1,0.40866685,7.8,1,-1.0,0.40866685,0.59133315
12,CSK,1359529,1,DC,1_16,125,5,-1,8,0,0.41620052,7.8125,0,-1.0,0.41620052,0.5837995
13,CSK,1359529,1,DC,1_17,128,6,-1,3,1,0.35201088,7.529411764705882,1,-1.0,0.35201088,0.64798915
14,CSK,1359529,0,DC,1_18,139,6,168,11,0,0.68150234,7.722222222222222,0,14.5,0.68150234,0.31849766
15,CSK,1359529,0,DC,1_19,160,6,168,21,0,0.22118585,8.421052631578947,0,8.0,0.22118585,0.77881414
16,CSK,1359529,0,DC,1_20,167,8,168,7,2,0.90849787,8.35,2,99.0,0.90849787,0.09150213
17,CSK,1359529,0,DC,2_1,1,1,168,1,1,0.80937314,1.0,1,8.789473684210526,0.80937314,0.19062686
