,Team1,match_id,is_batting_team,Team2,innings_over,innings_score,innings_wickets,score_target,total_runs,player_dismissed,predictions,run_rate,wickets_in_over,required_run_rate,predicted_team1,predicted_team2
0,GT,1359536,1,SRH,1_1,5,1,-1,5,1,0.39592436,5.0,1,-1.0,0.39592436,0.6040757
1,GT,1359536,1,SRH,1_2,17,1,-1,12,0,0.46749276,8.5,0,-1.0,0.46749276,0.53250724
2,GT,1359536,1,SRH,1_3,32,1,-1,15,0,0.4292682,10.666666666666666,0,-1.0,0.4292682,0.57073176
3,GT,1359536,1,SRH,1_4,50,1,-1,18,0,0.6664774,12.5,0,-1.0,0.6664774,0.33352262
4,GT,1359536,1,SRH,1_5,55,1,-1,5,0,0.5375061,11.0,0,-1.0,0.5375061,0.4624939
5,GT,1359536,1,SRH,1_6,65,1,-1,10,0,0.59435993,10.833333333333334,0,-1.0,0.59435993,0.40564007
6,GT,1359536,1,SRH,1_7,78,1,-1,13,0,0.7177534,11.142857142857142,0,-1.0,0.7177534,0.2822466
7,GT,1359536,1,SRH,1_8,89,1,-1,11,0,0.75676554,11.125,0,-1.0,0.75676554,0.24323446
8,GT,1359536,1,SRH,1_9,95,1,-1,6,0,0.7626849,10.555555555555555,0,-1.0,0.7626849,0.23731512
9,GT,1359536,1,SRH,1_10,103,1,-1,8,0,0.66990125,10.3,0,-1.0,0.66990125,0.33009875
10,GT,1359536,1,SRH,1_11,118,1,-1,15,0,0.75016415,10.727272727272728,0,-1.0,0.75016415,0.24983585
11,GT,1359536,1,SRH,1_12,131,1,-1,13,0,0.85882837,10.916666666666666,0,-1.0,0.85882837,0.14117163
12,GT,1359536,1,SRH,1_13,139,1,-1,8,0,0.7416995,10.692307692307692,0,-1.0,0.7416995,0.25830048
13,GT,1359536,1,SRH,1_14,147,1,-1,8,0,0.7751666,10.5,0,-1.0,0.7751666,0.22483343
14,GT,1359536,1,SRH,1_15,154,2,-1,7,1,0.7711266,10.266666666666667,1,-1.0,0.7711266,0.22887337
15,GT,1359536,1,SRH,1_16,163,3,-1,9,1,0.7608004,10.1875,1,-1.0,0.7608004,0.23919958
16,GT,1359536,1,SRH,1_17,171,4,-1,8,1,0.68755305,10.058823529411764,1,-1.0,0.68755305,0.31244695
17,GT,1359536,1,SRH,1_18,178,5,-1,7,1,0.6795961,9.88888888888889,1,-1.0,0.6795961,0.32040387
18,GT,1359536,1,SRH,1_19,186,5,-1,8,0,0.6995572,9.789473684210526,0,-1.0,0.6995572,0.3004428
19,GT,1359536,0,SRH,1_20,188,9,189,2,4,0.6294187,9.4,4,99.0,0.6294187,0.37058133
20,GT,1359536,0,SRH,2_1,6,1,189,6,1,0.7486853,6.0,1,9.63157894736842,0.7486853,0.2513147
21,GT,1359536,0,SRH,2_2,12,2,189,6,1,0.874497,6.0,1,9.833333333333334,0.874497,0.125503
22,GT,1359536,0,SRH,2_3,17,3,189,5,1,0.8948463,5.666666666666667,1,10.117647058823527,0.8948463,0.10515368
23,GT,1359536,0,SRH,2_4,29,3,189,12,0,0.7963651,7.25,0,10.0,0.7963651,0.20363492
24,GT,1359536,0,SRH,2_5,35,4,189,6,1,0.87774307,7.0,1,10.266666666666667,0.87774307,0.122256935
25,GT,1359536,0,SRH,2_6,45,4,189,10,0,0.8187323,7.5,0,10.285714285714286,0.8187323,0.18126768
26,GT,1359536,0,SRH,2_7,50,6,189,5,2,0.90605074,7.142857142857143,2,10.692307692307692,0.90605074,0.09394926
27,GT,1359536,0,SRH,2_8,54,6,189,4,0,0.9265078,6.75,0,11.25,0.9265078,0.07349223
28,GT,1359536,0,SRH,2_9,59,7,189,5,1,0.95139635,6.555555555555555,1,11.818181818181818,0.95139635,0.048603654
29,GT,1359536,0,SRH,2_10,66,7,189,7,0,0.94651914,6.6,0,12.3,0.94651914,0.053480864
30,GT,1359536,0,SRH,2_11,80,7,189,14,0,0.8989513,7.272727272727272,0,12.11111111111111,0.8989513,0.10104871
31,GT,1359536,0,SRH,2_12,84,7,189,4,0,0.95382404,7.0,0,13.125,0.95382404,0.046175957
32,GT,1359536,0,SRH,2_13,97,7,189,13,0,0.9241147,7.461538461538462,0,13.142857142857142,0.9241147,0.075885296
33,GT,1359536,0,SRH,2_14,104,7,189,7,0,0.94270515,7.428571428571429,0,14.166666666666666,0.94270515,0.057294846
34,GT,1359536,0,SRH,2_15,111,7,189,7,0,0.97335273,7.4,0,15.6,0.97335273,0.02664727
35,GT,1359536,0,SRH,2_16,123,7,189,12,0,0.98133576,7.6875,0,16.5,0.98133576,0.01866424
36,GT,1359536,0,SRH,2_17,127,8,189,4,1,0.98776287,7.470588235294118,1,20.666666666666668,0.98776287,0.012237132
37,GT,1359536,0,SRH,2_18,136,8,189,9,0,0.98907834,7.555555555555555,0,26.5,0.98907834,0.010921657
38,GT,1359536,0,SRH,2_19,147,9,189,11,1,0.98777455,7.736842105263157,1,42.0,0.98777455,0.012225449
39,GT,1359536,0,SRH,2_20,154,9,189,7,0,0.9850963,7.7,0,99.0,0.9850963,0.014903724
