,Team1,match_id,is_batting_team,Team2,innings_over,innings_score,innings_wickets,score_target,total_runs,player_dismissed,predictions,run_rate,wickets_in_over,required_run_rate,predicted_team1,predicted_team2
0,SRH,1359503,1,CSK,1_1,6,0,-1,6,0,0.4439756,6.0,0,-1.0,0.4439756,0.55602443
1,SRH,1359503,1,CSK,1_2,13,0,-1,7,0,0.46794167,6.5,0,-1.0,0.46794167,0.53205836
2,SRH,1359503,1,CSK,1_3,23,0,-1,10,0,0.49635875,7.666666666666667,0,-1.0,0.49635875,0.50364125
3,SRH,1359503,1,CSK,1_4,34,0,-1,11,0,0.53605527,8.5,0,-1.0,0.53605527,0.46394473
4,SRH,1359503,1,CSK,1_5,35,1,-1,1,1,0.41031903,7.0,1,-1.0,0.41031903,0.58968097
5,SRH,1359503,1,CSK,1_6,45,1,-1,10,0,0.50024754,7.5,0,-1.0,0.50024754,0.49975246
6,SRH,1359503,1,CSK,1_7,55,1,-1,10,0,0.51957035,7.857142857142857,0,-1.0,0.51957035,0.48042965
7,SRH,1359503,1,CSK,1_8,62,1,-1,7,0,0.49731323,7.75,0,-1.0,0.49731323,0.50268674
8,SRH,1359503,1,CSK,1_9,70,1,-1,8,0,0.47153693,7.777777777777778,0,-1.0,0.47153693,0.52846307
9,SRH,1359503,1,CSK,1_10,76,2,-1,6,1,0.468583,7.6,1,-1.0,0.468583,0.531417
10,SRH,1359503,1,CSK,1_11,83,2,-1,7,0,0.47851533,7.545454545454546,0,-1.0,0.47851533,0.5214847
11,SRH,1359503,1,CSK,1_12,86,3,-1,3,1,0.436381,7.166666666666667,1,-1.0,0.436381,0.563619
12,SRH,1359503,1,CSK,1_13,91,4,-1,5,1,0.37420174,7.0,1,-1.0,0.37420174,0.6257982
13,SRH,1359503,1,CSK,1_14,97,5,-1,6,1,0.34651092,6.928571428571429,1,-1.0,0.34651092,0.6534891
14,SRH,1359503,1,CSK,1_15,102,5,-1,5,0,0.33189514,6.8,0,-1.0,0.33189514,0.6681049
15,SRH,1359503,1,CSK,1_16,106,5,-1,4,0,0.33297798,6.625,0,-1.0,0.33297798,0.667022
16,CSK,1359503,1,SRH,1_17,114,5,135,8,0,0.28847313,6.705882352941177,0,7.0,0.28847313,0.7115269
17,CSK,1359503,1,SRH,1_18,119,6,135,5,1,0.45394787,6.611111111111111,1,8.0,0.45394787,0.5460521
18,SRH,1359503,0,CSK,1_19,127,6,135,8,0,0.43246812,6.684210526315789,0,8.0,0.43246812,0.5675319
19,SRH,1359503,0,CSK,1_20,134,7,135,7,1,0.9539664,6.7,1,99.0,0.9539664,0.04603362
20,SRH,1359503,0,CSK,2_1,6,0,135,6,0,0.32165587,6.0,0,6.789473684210527,0.32165587,0.67834413
21,SRH,1359503,0,CSK,2_2,17,0,135,11,0,0.12841481,8.5,0,6.555555555555555,0.12841481,0.8715852
22,SRH,1359503,0,CSK,2_4,32,0,135,4,0,0.11880855,8.0,0,6.4375,0.11880855,0.88119143
23,SRH,1359503,0,CSK,2_5,37,0,135,5,0,0.31195858,7.4,0,6.533333333333333,0.31195858,0.68804145
24,SRH,1359503,0,CSK,2_6,60,0,135,23,0,0.039602134,10.0,0,5.357142857142857,0.039602134,0.96039784
25,SRH,1359503,0,CSK,2_7,66,0,135,6,0,0.026206527,9.428571428571429,0,5.307692307692308,0.026206527,0.97379345
26,SRH,1359503,0,CSK,2_8,70,0,135,4,0,0.026964782,8.75,0,5.416666666666667,0.026964782,0.9730352
27,SRH,1359503,0,CSK,2_9,77,0,135,7,0,0.01748092,8.555555555555555,0,5.2727272727272725,0.01748092,0.9825191
28,SRH,1359503,0,CSK,2_10,86,0,135,9,0,0.013714242,8.6,0,4.9,0.013714242,0.98628575
29,SRH,1359503,0,CSK,2_11,87,1,135,1,1,0.05100191,7.909090909090909,1,5.333333333333333,0.05100191,0.9489981
30,SRH,1359503,0,CSK,2_12,91,1,135,4,0,0.07905879,7.583333333333333,0,5.5,0.07905879,0.92094123
31,SRH,1359503,0,CSK,2_13,95,1,135,4,0,0.17150919,7.3076923076923075,0,5.714285714285714,0.17150919,0.8284908
32,SRH,1359503,0,CSK,2_14,104,1,135,9,0,0.04521418,7.428571428571429,0,5.166666666666667,0.04521418,0.9547858
33,SRH,1359503,0,CSK,2_15,111,2,135,7,1,0.025406396,7.4,1,4.8,0.025406396,0.9745936
34,SRH,1359503,0,CSK,2_16,119,2,135,8,0,0.015544559,7.4375,0,4.0,0.015544559,0.98445547
35,SRH,1359503,0,CSK,2_17,122,3,135,3,1,0.021284241,7.176470588235294,1,4.333333333333333,0.021284241,0.9787158
36,SRH,1359503,0,CSK,2_18,132,3,135,10,0,0.015913514,7.333333333333333,0,1.5,0.015913514,0.9840865
